1.9327307552204
1.4295030837679
1.1609549393982
0.98052253071409
0.84037095424088
0.75203791174661
0.67994154432593
0.63299955995134
0.58763845911693
0.55898816257911
0.52804112367742
0.50513540281797
0.49036551808052
0.46676851333645
0.44888512250322
0.43621656257002
0.41936875181725
0.40631531904097
0.39860809207334
0.38447724951388
0.37724078725118
0.36224168502557
0.35631568341342
0.34651060055732
0.33653852975572
0.3311283677078
0.32561005780859
0.31703610524507
0.30822478536078
0.30495746160912
0.29615805028268
0.29378543498895
0.28668526810358
0.28659326514405
0.27916352002241
0.27094860569529
0.27167031919808
0.26449504325028
0.26313511070121
0.25456225936923
0.257130111914
0.2521337118843
0.25007039344658
0.2459618321346
0.24585357853223
0.24296925923718
0.23544329531357
0.23529126408946
0.23563736647015
0.22550244701555
0.22834486138466
0.22568842036187
0.22396779791083
0.22368940553483
0.22204051268956
0.21533710394159
0.20987148870573
0.21422687753883
0.21161352616004
0.20951169608232
0.20861949238717
0.20590112008193
0.20283755565067
0.20072178806385
0.20027340954012
0.19999299365074
0.20070320474189
0.19766786433137
0.20100821050317
0.19898262411604
0.19456499307214
0.19181311004426
0.19088162085437
0.19007407084508
0.19110989456191
0.18750668733245
0.18968952980531
0.19084108409179
0.18621995232075
0.18545285160594
0.18485450571512
0.17308754172233
0.091012008467694
0.069114113319427
0.060722769738254
0.052454495765364
0.049421915806392
0.044388638246242
0.041088259929929
0.037645171244469
0.037199592862821
0.033826497662574
0.033610850740272
0.030876027813653
0.027549313533279
0.028616216445289
0.025752183201406
0.024939219104817
0.023681864280092
0.021975503227366
0.022016444862308
0.019098043999137
0.017195324242458
0.019137934541039
0.018923505959685
0.018342183633229
0.017487789337973
0.01687664969174
0.017175666797344
0.014651939140447
0.015554482916661
0.014911422117249
0.015312242610833
0.013502173900337
0.013608604847737
0.014085976802327
0.013747018539463
0.011468334285461
0.013795016810317
0.012556103431165
0.013394901817641
0.013467942327833
0.011600863308553
0.01060035381409
0.009611906667652
0.0092416756884064
0.0075589165739391
0.0079684699140013
0.0076594779477514
0.0072801428920854
0.0074978931433023
0.0077048677417552
0.007120793554789
0.0076197499328333
0.0070951424015071
0.0067738596426175
0.006793081710863
0.0072545873663386
0.0064633792280541
0.0065454891851872
0.0071450913396409
0.0071214272333381
0.0066035513901878
0.0062580344526817
0.0065248004653875
0.0066195801300618
0.0063072923770951
0.007048844382205
0.0061761820121952
0.006146721512346
0.0063206879893685
0.0060735302812913
0.0061031881938962
0.0055478591605297
0.0060331750689718
0.005984879959651
0.0060586320364948
0.0060483410344709
0.0055568179587269
0.0060269345446011
0.00594395771051
0.005433288374749
0.0059576548245328
0.0059276315457452
