1.6569629137392
1.253774799296
1.0465004307639
0.91774201912763
0.82534840143264
0.75325671585605
0.69828844786433
0.6623486704648
0.62318757444506
0.59399197722364
0.57228459542774
0.54859946959168
0.53244709576411
0.51080435530838
0.49655768226575
0.47986420903193
0.47199172065224
0.45830077807064
0.44571999102269
0.44140799953019
0.4233065822388
0.42271425749611
0.40867383830973
0.40135789007577
0.39570434769268
0.38912474781351
0.38237129418546
0.37810550908965
0.37046509133104
0.36593540830876
0.36078568795205
0.35711567428659
0.34662215215585
0.34692485286137
0.33766641755591
0.33392918574888
0.33493797369587
0.32776579777555
0.33028742157094
0.32174366813658
0.32444031798874
0.31439442254146
0.31637475946704
0.3155587046724
0.3118488007823
0.30475534186043
0.30844757433009
0.30387300922704
0.30048579561579
0.29808729782396
0.29337324722744
0.2944315826487
0.29422855322842
0.28782167434454
0.28815977548432
0.2870616420508
0.28645601770352
0.28279619232211
0.28064147035932
0.28322774048161
0.27322088020194
0.27963538923684
0.2723500753398
0.27432237996451
0.27411562387434
0.27024598038991
0.27128910084048
0.26889279221549
0.26496377967803
0.26173094628364
0.26416365614118
0.26524622755749
0.26289410414865
0.26411599622482
0.26075726192578
0.25916841781419
0.25916803611914
0.25831230882593
0.25440985327086
0.25659484858422
0.25223143600985
0.25483266852291
0.16112579022822
0.13947615343172
0.13049698484266
0.1220724910188
0.11619148844391
0.11035773682139
0.10640010359504
0.10459499625808
0.10186251601552
0.097707879521867
0.095663971643504
0.093865315774289
0.090920737074197
0.090455850061325
0.0866512722462
0.084988418241005
0.086238352914372
0.081829231792627
0.07995570118651
0.080882109679244
0.077326502239384
0.079314024357692
0.073864190096555
0.074679195700818
0.072416394016208
0.070020035285112
0.069414082157147
0.068507018294709
0.068892538520362
0.067042379742941
0.067122475766694
0.065065657370307
0.064452153773945
0.063853930481864
0.063435074668902
0.06307153711024
0.060304548614242
0.062833346281668
0.062247803834889
0.059676789165572
0.059724703611677
0.051763346052879
0.048203593458209
0.048173868112133
0.046080684873854
0.045758335026043
0.04492217094192
0.043202637672863
0.043851682961063
0.044117883804833
0.040732099302113
0.042511598597212
0.04144826077325
0.042535078777548
0.042184599014023
0.041777746009705
0.041598033375295
0.041852199191423
0.042061328107629
0.041245981570705
0.041391363490344
0.041407291739798
0.040295596728506
0.039949424287585
0.039250019508059
0.038513856003409
0.040164604411958
0.038168537771077
0.038398219265349
0.037115656017609
0.03804550667715
0.037239917569682
0.037165521874147
0.039225745086303
0.037759748343712
0.037187843167645
0.037101999872252
0.037630262263024
0.038073589374571
0.037046176620552
0.036489860062271
0.037711827095855
