2.1129109149394
1.9856112121845
1.9213490875371
1.8653642607276
1.8175870957163
1.7773624889629
1.7352250283436
1.691527826672
1.6553270772681
1.6184300189652
1.5834665275338
1.5448566360833
1.5057815730886
1.4756348503658
1.4370129137155
1.4061580711356
1.3677155985899
1.3334370802807
1.2945581113834
1.2490775589838
1.2089546183434
1.1688591758447
1.1329679388501
1.0913473056501
1.0580493883604
1.0222852225994
0.9960000204032
0.97011842022
0.94460738679951
0.9216649432083
0.90908388248538
0.88309336595923
0.8737777060841
0.85676724397437
0.84477553372236
0.82405777403518
0.80840701298155
0.80343294153061
0.78505109269839
0.77604255216515
0.76661586894527
0.76104035882941
0.74959815367104
0.74711209389303
0.73571707223735
0.72796349178504
0.71806201647653
0.70645622616762
0.69651002351842
0.70045582073005
0.68288893297629
0.67688461006488
0.67426262150669
0.66919099996176
0.65876139098602
0.64840176005888
0.64785130320789
0.63891239505347
0.63549427591512
0.63622844923726
0.62838513993746
0.62818364159483
0.61605152281673
0.61550327092123
0.60413935301525
0.60524495651617
0.60221989189544
0.59710873056899
0.59189915665904
0.58390468073928
0.58013773666661
0.58545398442861
0.57735801476013
0.56475894043265
0.56159657881359
0.5625661812313
0.55314195599512
0.55441326804726
0.5519551801693
0.55194358389224
0.55250220330923
0.53607339988394
0.3906270495523
0.36220614717097
0.34314949857809
0.33344453036299
0.32544507094471
0.31602529146997
0.31157547619546
0.3050426426084
0.30120727511318
0.29495179468904
0.2914454694018
0.29170131387946
0.27701229130149
0.27863398204936
0.27180260581053
0.27477662402498
0.26672285077974
0.26262906030573
0.26246376543227
0.25828039431825
0.25707533362481
0.25586093137293
0.25126159227336
0.24748338737175
0.2461408165324
0.24583228324466
0.24135357575096
0.23990648235945
0.23491612512028
0.23142100859653
0.23124950110122
0.23369804300616
0.22325562828499
0.22424457918595
0.22411138662006
0.22757711352404
0.22013755435281
0.21592240020147
0.21947115988225
0.2144233462627
0.21282542985304
0.18392270443737
0.17597251584196
0.17261441918781
0.16990169944084
0.16527089393314
0.16657444326078
0.16159703833101
0.16506990991447
0.16183769699481
0.15895484926279
0.1596778670545
0.15996460853683
0.15664780101479
0.15356155932426
0.15563771029091
0.1537741493791
0.15413073996306
0.15321595026204
0.15261402190865
0.15264293339885
0.1538216100434
0.15322613767146
0.15062586785344
0.15149516150441
0.15137908800608
0.15248064479512
0.1487388210757
0.14987496427782
0.14983482674869
0.14675025174447
0.14643021690352
0.14806757743525
0.14614081648905
0.14526700629136
0.14269231883118
0.14541997628244
0.14355765974907
0.142717288969
0.14360547691889
0.14036018892484
0.1435366260912
