1.7281629137157
1.2998376164261
1.0780864125818
0.93483082254791
0.83516058189285
0.77829037616625
0.72447048202538
0.68526349626863
0.65581071190822
0.62751365776324
0.60332671152404
0.5889446780743
0.56858963804686
0.55201964929052
0.54231198045099
0.5285588498687
0.5117473948785
0.50342905308642
0.49292565380959
0.48471884293591
0.47405534101807
0.46521417161169
0.46415986556207
0.45291832031544
0.44773763043811
0.44051656305523
0.43675784535439
0.42562964263627
0.42364791540758
0.42073219664528
0.4170020846731
0.4143638745541
0.40775584654306
0.40670972251764
0.39502907938198
0.39570655642158
0.39109419971285
0.38635056309802
0.38498905946065
0.38448700984973
0.37528938192617
0.37624255660683
0.37393797698057
0.36868146536324
0.36487880560767
0.36813278207198
0.36654907462266
0.36545355834181
0.3577541684608
0.35939141814323
0.35288429360532
0.35133215252863
0.35226746984017
0.34828052177711
0.34701089685749
0.34815070393693
0.34239981335342
0.34183430191072
0.34228499234342
0.33561594554978
0.33716393184831
0.33787614689411
0.33336541974331
0.33547058880205
0.33352197460268
0.32163123485234
0.32962932758929
0.32904834926862
0.32915475825586
0.32669931245953
0.32392113816155
0.32375991299482
0.3203652847301
0.32410445210412
0.32296912338051
0.3205829527653
0.32141703017475
0.31815949739731
0.32065649271783
0.31803736903316
0.31290856823373
0.309350621212
0.20516092692742
0.18194388332765
0.17225485322211
0.16305562533543
0.15929746500376
0.1519434225281
0.14861392369946
0.14405354135777
0.14238483768118
0.1361517606789
0.13219769282976
0.1312420536833
0.13074612570998
0.12714109723373
0.12787064948855
0.12281027587888
0.12063569982138
0.11951984470553
0.11719469755859
0.11678917876795
0.11692253698397
0.11386609698177
0.11066492404693
0.11071318356401
0.10882691104927
0.105992687515
0.10830548082042
0.1033571072604
0.10407991733192
0.10294460314981
0.10122037405801
0.10058915791723
0.10098807900487
0.10134084547686
0.097763103948396
0.095525444716768
0.098667655430753
0.094575778363496
0.094316621889334
0.093191279651469
0.092040016716036
0.07836128698419
0.074755593826589
0.073806604234707
0.07159257164306
0.069751976713386
0.069949035929121
0.068854247803902
0.068103359037977
0.067673127163116
0.066609269911257
0.065029211006487
0.066204834775166
0.064738123215583
0.066067767640114
0.064998821684105
0.067563766001455
0.064270400101571
0.063798109496303
0.064555205835882
0.06397928141934
0.063986201269452
0.062967601447078
0.062246974091262
0.061680110599703
0.061845101635246
0.061131769291999
0.061580898313571
0.060474850687548
0.062286460792165
0.061843816458207
0.062246019285544
0.061799003539221
0.062805406207605
0.06066932772927
0.061048870311712
0.058740839934753
0.059333035190259
0.058877141744165
0.059932504808221
0.060195923900551
0.060143335765737
