2.4353682699101
1.5988289018073
2.1740292401703
1.932783098405
1.8438265015659
1.7850173671056
1.7307942558623
1.6934268142923
1.6564537878089
1.6176854522746
1.5852071224157
1.5487720478459
1.5222420479669
1.483888782809
1.4458341882152
1.417905218028
1.3823124691406
1.3517504622579
1.3101919460527
1.2727659884654
1.2442725181427
1.2113561049042
1.1662028565546
1.1368925664426
1.0951383155597
1.0626435184194
1.033504583194
1.0043437563002
0.9791549808653
0.95507112884575
0.93088291581444
0.91481610351645
0.8941525584668
0.87431622788243
0.85938027897502
0.84608735942646
0.83040129280723
0.80873345663423
0.79878521972643
0.7965208393343
0.78159851786893
0.77420271169108
0.7568758123328
0.75030180301108
0.73997407586926
0.72493761678838
0.72024388839979
0.70046926088574
0.69654080283726
0.68614463141269
0.67999812415456
0.67419436967472
0.66721945207071
0.65918919702663
0.65247437890543
0.63902642800451
0.64304825946917
0.63551486125002
0.62525692127331
0.63025197091529
0.62049747988572
0.61350632381085
0.61279128889608
0.61167401659738
0.60174973185801
0.59989141539416
0.59676661806757
0.59151162251335
0.58446494144771
0.58482614764301
0.58176354232299
0.57232594790552
0.57651419960715
0.56755369302657
